<?xml version="1.0" encoding="utf-8"?>
<COLLADA xmlns:xsi="http://www.w3.org/2001/XMLSchema-instance" xmlns:xsd="http://www.w3.org/2001/XMLSchema" xmlns="http://www.collada.org/2005/11/COLLADASchema" version="1.4.1">
  <asset>
    <contributor>
      <author/>
      <authoring_tool>Unity3D 2017.3.0f3 - COLLADA exporter v1.6.4</authoring_tool>
      <comments/>
      <copyright/>
      <source_data>Hummingbird_x0020_Flock_x0020_-_x0020_Example.unity</source_data>
    </contributor>
    <created>2018-04-27T16:43:31.300167-04:00</created>
    <modified>2018-04-27T16:43:31.300577-04:00</modified>
    <unit meter="1" name="meter"/>
    <up_axis>Y_UP</up_axis>
  </asset>
  <library_animations>
    <animation id="_7d433974a8c34470d944c2298268bf63_wbird_11444_0">
      <source id="_7d433974a8c34470d944c2298268bf63_wbird_11444_0-input">
        <float_array id="_7d433974a8c34470d944c2298268bf63_wbird_11444_0-input-array" count="2">0.000000 0.916600</float_array>
        <technique_common>
          <accessor count="2" source="#_7d433974a8c34470d944c2298268bf63_wbird_11444_0-input-array">
            <param name="TIME" type="float"/>
          </accessor>
        </technique_common>
      </source>
      <source id="_7d433974a8c34470d944c2298268bf63_wbird_11444_0-output">
        <float_array id="_7d433974a8c34470d944c2298268bf63_wbird_11444_0-output-array" count="32">

100.000000 0.000000 0.000000 0.000000 
0.000000 100.000000 -0.000016 0.000000 
0.000000 0.000016 100.000000 0.000000 
0.000000 0.000000 0.000000 1.000000 

100.000000 0.000000 0.000000 0.000000 
0.000000 100.000000 -0.000016 0.000000 
0.000000 0.000016 100.000000 0.000000 
0.000000 0.000000 0.000000 1.000000</float_array>
        <technique_common>
          <accessor count="2" source="#_7d433974a8c34470d944c2298268bf63_wbird_11444_0-output-array" stride="16">
            <param name="TRANSFORM" type="float4x4"/>
          </accessor>
        </technique_common>
      </source>
      <source id="_7d433974a8c34470d944c2298268bf63_wbird_11444_0-interpolation">
        <Name_array id="_7d433974a8c34470d944c2298268bf63_wbird_11444_0-interpolation-array" count="23">LINEAR LINEAR LINEAR LINEAR LINEAR LINEAR LINEAR LINEAR LINEAR LINEAR LINEAR LINEAR LINEAR LINEAR LINEAR LINEAR LINEAR LINEAR LINEAR LINEAR LINEAR LINEAR LINEAR </Name_array>
        <technique_common>
          <accessor count="23" source="#_7d433974a8c34470d944c2298268bf63_wbird_11444_0-interpolation-array">
            <param name="INTERPOLATION" type="name"/>
          </accessor>
        </technique_common>
      </source>
      <sampler id="_7d433974a8c34470d944c2298268bf63_wbird_11444_0-sampler">
        <input semantic="INPUT" source="#_7d433974a8c34470d944c2298268bf63_wbird_11444_0-input"/>
        <input semantic="OUTPUT" source="#_7d433974a8c34470d944c2298268bf63_wbird_11444_0-output"/>
        <input semantic="INTERPOLATION" source="#_7d433974a8c34470d944c2298268bf63_wbird_11444_0-interpolation"/>
      </sampler>
      <channel source="#_7d433974a8c34470d944c2298268bf63_wbird_11444_0-sampler" target="_11446/matrix"/>
    </animation>
    <animation id="_7d433974a8c34470d944c2298268bf63_wbird_11444_1">
      <source id="_7d433974a8c34470d944c2298268bf63_wbird_11444_1-input">
        <float_array id="_7d433974a8c34470d944c2298268bf63_wbird_11444_1-input-array" count="21">0.000000 0.041600 0.083300 0.125000 0.166600 0.208300 0.250000 0.291600 0.333300 0.375000 0.416600 0.458300 0.500000 0.625000 0.666600 0.708300 0.750000 0.791600 0.833300 0.875000 0.916600</float_array>
        <technique_common>
          <accessor count="21" source="#_7d433974a8c34470d944c2298268bf63_wbird_11444_1-input-array">
            <param name="TIME" type="float"/>
          </accessor>
        </technique_common>
      </source>
      <source id="_7d433974a8c34470d944c2298268bf63_wbird_11444_1-output">
        <float_array id="_7d433974a8c34470d944c2298268bf63_wbird_11444_1-output-array" count="336">

0.011106 -0.001247 -0.999937 0.000000 
0.017320 0.999850 -0.001055 0.000000 
0.999788 -0.017307 0.011126 0.000000 
0.000000 0.000000 0.000000 1.000000 

0.010845 -0.001222 -0.999940 0.000000 
0.015083 0.999887 -0.001059 0.000000 
0.999827 -0.015071 0.010862 0.000000 
0.000000 0.000000 0.000000 1.000000 

0.010545 -0.001189 -0.999943 0.000000 
0.012134 0.999927 -0.001061 0.000002 
0.999871 -0.012122 0.010559 0.000000 
0.000000 0.000000 0.000000 1.000000 

0.010220 -0.001151 -0.999947 0.000000 
0.008626 0.999963 -0.001062 0.000004 
0.999911 -0.008615 0.010229 0.000000 
0.000000 0.000000 0.000000 1.000000 

0.009883 -0.001109 -0.999950 0.000000 
0.004722 0.999989 -0.001062 0.000006 
0.999940 -0.004711 0.009888 0.000000 
0.000000 0.000000 0.000000 1.000000 

0.009546 -0.001065 -0.999954 0.000000 
0.000552 1.000000 -0.001060 0.000009 
0.999954 -0.000542 0.009546 0.000000 
0.000000 0.000000 0.000000 1.000000 

0.009222 -0.001021 -0.999957 0.000000 
-0.003724 0.999993 -0.001056 0.000012 
0.999951 0.003733 0.009218 0.000000 
0.000000 0.000000 0.000000 1.000000 

0.008926 -0.000979 -0.999959 0.000000 
-0.007945 0.999969 -0.001050 0.000015 
0.999929 0.007954 0.008918 0.000000 
0.000000 0.000000 0.000000 1.000000 

0.008668 -0.000940 -0.999962 0.000000 
-0.011981 0.999929 -0.001044 0.000018 
0.999891 0.011990 0.008656 0.000000 
0.000000 0.000000 0.000000 1.000000 

0.008463 -0.000904 -0.999964 0.000000 
-0.015671 0.999878 -0.001037 0.000021 
0.999841 0.015679 0.008448 0.000000 
0.000000 0.000000 0.000000 1.000000 

0.008324 -0.000874 -0.999965 0.000000 
-0.018857 0.999822 -0.001030 0.000023 
0.999787 0.018865 0.008306 0.000000 
0.000000 0.000000 0.000000 1.000000 

0.008263 -0.000849 -0.999965 0.000000 
-0.021405 0.999771 -0.001026 0.000025 
0.999737 0.021413 0.008243 0.000000 
0.000000 0.000000 0.000000 1.000000 

0.008294 -0.000831 -0.999965 0.000000 
-0.023156 0.999732 -0.001023 0.000026 
0.999698 0.023164 0.008273 0.000000 
0.000000 0.000000 0.000000 1.000000 

0.009068 -0.000831 -0.999958 0.000000 
-0.022124 0.999756 -0.001031 0.000024 
0.999714 0.022132 0.009047 0.000000 
0.000000 0.000000 0.000000 1.000000 

0.009595 -0.000855 -0.999953 0.000000 
-0.019192 0.999816 -0.001039 0.000021 
0.999770 0.019201 0.009577 0.000000 
0.000000 0.000000 0.000000 1.000000 

0.010280 -0.000897 -0.999947 0.000000 
-0.014704 0.999892 -0.001048 0.000017 
0.999839 0.014714 0.010266 0.000000 
0.000000 0.000000 0.000000 1.000000 

0.011134 -0.000960 -0.999937 0.000000 
-0.008516 0.999964 -0.001055 0.000013 
0.999902 0.008527 0.011126 0.000000 
0.000000 0.000000 0.000000 1.000000 

0.011661 -0.001036 -0.999931 0.000000 
-0.001673 0.999999 -0.001056 0.000009 
0.999931 0.001685 0.011660 0.000000 
0.000000 0.000000 0.000000 1.000000 

0.011596 -0.001108 -0.999932 0.000000 
0.004622 0.999990 -0.001054 0.000006 
0.999922 -0.004609 0.011601 0.000000 
0.000000 0.000000 0.000000 1.000000 

0.011293 -0.001169 -0.999935 0.000000 
0.010192 0.999948 -0.001054 0.000003 
0.999884 -0.010180 0.011304 0.000000 
0.000000 0.000000 0.000000 1.000000 

0.011109 -0.001221 -0.999937 0.000000 
0.014872 0.999890 -0.001055 0.000001 
0.999828 -0.014860 0.011126 0.000000 
0.000000 0.000000 0.000000 1.000000</float_array>
        <technique_common>
          <accessor count="21" source="#_7d433974a8c34470d944c2298268bf63_wbird_11444_1-output-array" stride="16">
            <param name="TRANSFORM" type="float4x4"/>
          </accessor>
        </technique_common>
      </source>
      <source id="_7d433974a8c34470d944c2298268bf63_wbird_11444_1-interpolation">
        <Name_array id="_7d433974a8c34470d944c2298268bf63_wbird_11444_1-interpolation-array" count="23">LINEAR LINEAR LINEAR LINEAR LINEAR LINEAR LINEAR LINEAR LINEAR LINEAR LINEAR LINEAR LINEAR LINEAR LINEAR LINEAR LINEAR LINEAR LINEAR LINEAR LINEAR LINEAR LINEAR </Name_array>
        <technique_common>
          <accessor count="23" source="#_7d433974a8c34470d944c2298268bf63_wbird_11444_1-interpolation-array">
            <param name="INTERPOLATION" type="name"/>
          </accessor>
        </technique_common>
      </source>
      <sampler id="_7d433974a8c34470d944c2298268bf63_wbird_11444_1-sampler">
        <input semantic="INPUT" source="#_7d433974a8c34470d944c2298268bf63_wbird_11444_1-input"/>
        <input semantic="OUTPUT" source="#_7d433974a8c34470d944c2298268bf63_wbird_11444_1-output"/>
        <input semantic="INTERPOLATION" source="#_7d433974a8c34470d944c2298268bf63_wbird_11444_1-interpolation"/>
      </sampler>
      <channel source="#_7d433974a8c34470d944c2298268bf63_wbird_11444_1-sampler" target="_11470/matrix"/>
    </animation>
    <animation id="_7d433974a8c34470d944c2298268bf63_wbird_11444_2">
      <source id="_7d433974a8c34470d944c2298268bf63_wbird_11444_2-input">
        <float_array id="_7d433974a8c34470d944c2298268bf63_wbird_11444_2-input-array" count="23">0.000000 0.041600 0.083300 0.125000 0.166600 0.208300 0.250000 0.291600 0.333300 0.375000 0.416600 0.458300 0.500000 0.541600 0.583300 0.625000 0.666600 0.708300 0.750000 0.791600 0.833300 0.875000 0.916600</float_array>
        <technique_common>
          <accessor count="23" source="#_7d433974a8c34470d944c2298268bf63_wbird_11444_2-input-array">
            <param name="TIME" type="float"/>
          </accessor>
        </technique_common>
      </source>
      <source id="_7d433974a8c34470d944c2298268bf63_wbird_11444_2-output">
        <float_array id="_7d433974a8c34470d944c2298268bf63_wbird_11444_2-output-array" count="368">

-0.999937 0.000000 0.011175 -0.000242 
0.000000 0.999999 0.000000 -0.000113 
-0.011175 0.000000 -0.999938 -0.000003 
0.000000 0.000000 0.000000 1.000000 

-0.999925 -0.004895 0.011177 -0.000242 
-0.004895 0.999987 0.000000 -0.000113 
-0.011176 -0.000055 -0.999938 -0.000003 
0.000000 0.000000 0.000000 1.000000 

-0.999865 -0.011988 0.011180 -0.000242 
-0.011989 0.999927 0.000000 -0.000113 
-0.011179 -0.000134 -0.999938 -0.000003 
0.000000 0.000000 0.000000 1.000000 

-0.999720 -0.020826 0.011184 -0.000242 
-0.020827 0.999782 0.000000 -0.000113 
-0.011182 -0.000233 -0.999938 -0.000003 
0.000000 0.000000 0.000000 1.000000 

-0.999458 -0.030933 0.011190 -0.000242 
-0.030935 0.999521 0.000000 -0.000113 
-0.011185 -0.000346 -0.999938 -0.000003 
0.000000 0.000000 0.000000 1.000000 

-0.999058 -0.041912 0.011197 -0.000242 
-0.041914 0.999120 0.000001 -0.000113 
-0.011187 -0.000469 -0.999938 -0.000003 
0.000000 0.000000 0.000000 1.000000 

-0.998515 -0.053289 0.011204 -0.000242 
-0.053292 0.998578 0.000001 -0.000113 
-0.011188 -0.000596 -0.999938 -0.000003 
0.000000 0.000000 0.000000 1.000000 

-0.997848 -0.064589 0.011211 -0.000242 
-0.064593 0.997911 0.000002 -0.000113 
-0.011188 -0.000722 -0.999938 -0.000003 
0.000000 0.000000 0.000000 1.000000 

-0.997088 -0.075420 0.011218 -0.000242 
-0.075424 0.997151 0.000003 -0.000113 
-0.011187 -0.000843 -0.999938 -0.000003 
0.000000 0.000000 0.000000 1.000000 

-0.996291 -0.085306 0.011225 -0.000242 
-0.085312 0.996354 0.000004 -0.000113 
-0.011184 -0.000954 -0.999938 -0.000003 
0.000000 0.000000 0.000000 1.000000 

-0.995528 -0.093787 0.011230 -0.000242 
-0.093793 0.995591 0.000005 -0.000113 
-0.011181 -0.001049 -0.999938 -0.000003 
0.000000 0.000000 0.000000 1.000000 

-0.994877 -0.100461 0.011234 -0.000242 
-0.100467 0.994940 0.000005 -0.000113 
-0.011178 -0.001123 -0.999938 -0.000003 
0.000000 0.000000 0.000000 1.000000 

-0.994422 -0.104864 0.011236 -0.000242 
-0.104871 0.994485 0.000006 -0.000113 
-0.011175 -0.001173 -0.999938 -0.000003 
0.000000 0.000000 0.000000 1.000000 

-0.994242 -0.106556 0.011237 -0.000242 
-0.106563 0.994305 0.000006 -0.000113 
-0.011173 -0.001191 -0.999938 -0.000003 
0.000000 0.000000 0.000000 1.000000 

-0.994397 -0.105103 0.011234 -0.000242 
-0.105110 0.994460 0.000006 -0.000113 
-0.011173 -0.001175 -0.999938 -0.000003 
0.000000 0.000000 0.000000 1.000000 

-0.994918 -0.100051 0.011229 -0.000242 
-0.100058 0.994981 0.000005 -0.000113 
-0.011173 -0.001119 -0.999938 -0.000003 
0.000000 0.000000 0.000000 1.000000 

-0.995789 -0.090976 0.011221 -0.000242 
-0.090982 0.995852 0.000004 -0.000113 
-0.011175 -0.001017 -0.999938 -0.000003 
0.000000 0.000000 0.000000 1.000000 

-0.996938 -0.077378 0.011209 -0.000242 
-0.077383 0.997001 0.000003 -0.000113 
-0.011176 -0.000865 -0.999938 -0.000003 
0.000000 0.000000 0.000000 1.000000 

-0.998056 -0.061291 0.011197 -0.000242 
-0.061295 0.998119 0.000001 -0.000113 
-0.011176 -0.000685 -0.999938 -0.000003 
0.000000 0.000000 0.000000 1.000000 

-0.998901 -0.045495 0.011188 -0.000242 
-0.045498 0.998964 0.000001 -0.000113 
-0.011177 -0.000508 -0.999938 -0.000003 
0.000000 0.000000 0.000000 1.000000 

-0.999470 -0.030541 0.011182 -0.000242 
-0.030543 0.999533 0.000000 -0.000113 
-0.011177 -0.000341 -0.999938 -0.000003 
0.000000 0.000000 0.000000 1.000000 

-0.999791 -0.017096 0.011178 -0.000242 
-0.017097 0.999853 0.000000 -0.000113 
-0.011176 -0.000191 -0.999938 -0.000003 
0.000000 0.000000 0.000000 1.000000 

-0.999920 -0.005810 0.011176 -0.000242 
-0.005810 0.999982 0.000000 -0.000113 
-0.011176 -0.000065 -0.999938 -0.000003 
0.000000 0.000000 0.000000 1.000000</float_array>
        <technique_common>
          <accessor count="23" source="#_7d433974a8c34470d944c2298268bf63_wbird_11444_2-output-array" stride="16">
            <param name="TRANSFORM" type="float4x4"/>
          </accessor>
        </technique_common>
      </source>
      <source id="_7d433974a8c34470d944c2298268bf63_wbird_11444_2-interpolation">
        <Name_array id="_7d433974a8c34470d944c2298268bf63_wbird_11444_2-interpolation-array" count="23">LINEAR LINEAR LINEAR LINEAR LINEAR LINEAR LINEAR LINEAR LINEAR LINEAR LINEAR LINEAR LINEAR LINEAR LINEAR LINEAR LINEAR LINEAR LINEAR LINEAR LINEAR LINEAR LINEAR </Name_array>
        <technique_common>
          <accessor count="23" source="#_7d433974a8c34470d944c2298268bf63_wbird_11444_2-interpolation-array">
            <param name="INTERPOLATION" type="name"/>
          </accessor>
        </technique_common>
      </source>
      <sampler id="_7d433974a8c34470d944c2298268bf63_wbird_11444_2-sampler">
        <input semantic="INPUT" source="#_7d433974a8c34470d944c2298268bf63_wbird_11444_2-input"/>
        <input semantic="OUTPUT" source="#_7d433974a8c34470d944c2298268bf63_wbird_11444_2-output"/>
        <input semantic="INTERPOLATION" source="#_7d433974a8c34470d944c2298268bf63_wbird_11444_2-interpolation"/>
      </sampler>
      <channel source="#_7d433974a8c34470d944c2298268bf63_wbird_11444_2-sampler" target="_11480/matrix"/>
    </animation>
    <animation id="_7d433974a8c34470d944c2298268bf63_wbird_11444_3">
      <source id="_7d433974a8c34470d944c2298268bf63_wbird_11444_3-input">
        <float_array id="_7d433974a8c34470d944c2298268bf63_wbird_11444_3-input-array" count="22">0.000000 0.041600 0.083300 0.125000 0.166600 0.208300 0.250000 0.291600 0.333300 0.375000 0.416600 0.458300 0.500000 0.541600 0.625000 0.666600 0.708300 0.750000 0.791600 0.833300 0.875000 0.916600</float_array>
        <technique_common>
          <accessor count="22" source="#_7d433974a8c34470d944c2298268bf63_wbird_11444_3-input-array">
            <param name="TIME" type="float"/>
          </accessor>
        </technique_common>
      </source>
      <source id="_7d433974a8c34470d944c2298268bf63_wbird_11444_3-output">
        <float_array id="_7d433974a8c34470d944c2298268bf63_wbird_11444_3-output-array" count="352">

0.269364 -0.963038 0.000000 -0.000010 
0.963038 0.269364 0.000000 -0.000128 
0.000000 0.000000 1.000000 0.000105 
0.000000 0.000000 0.000000 1.000000 

0.266171 -0.963926 0.000000 -0.000010 
0.963926 0.266171 0.000000 -0.000128 
0.000000 0.000000 1.000000 0.000105 
0.000000 0.000000 0.000000 1.000000 

0.261667 -0.965158 0.000000 -0.000010 
0.965158 0.261667 0.000000 -0.000128 
0.000000 0.000000 1.000000 0.000105 
0.000000 0.000000 0.000000 1.000000 

0.256116 -0.966646 0.000000 -0.000010 
0.966646 0.256116 0.000000 -0.000128 
0.000000 0.000000 1.000000 0.000105 
0.000000 0.000000 0.000000 1.000000 

0.249794 -0.968299 0.000000 -0.000010 
0.968299 0.249794 0.000000 -0.000128 
0.000000 0.000000 1.000000 0.000105 
0.000000 0.000000 0.000000 1.000000 

0.242930 -0.970044 0.000000 -0.000010 
0.970044 0.242930 0.000000 -0.000128 
0.000000 0.000000 1.000000 0.000105 
0.000000 0.000000 0.000000 1.000000 

0.235800 -0.971802 0.000000 -0.000010 
0.971802 0.235800 0.000000 -0.000128 
0.000000 0.000000 1.000000 0.000105 
0.000000 0.000000 0.000000 1.000000 

0.228686 -0.973500 0.000000 -0.000010 
0.973500 0.228686 0.000000 -0.000128 
0.000000 0.000000 1.000000 0.000105 
0.000000 0.000000 0.000000 1.000000 

0.221818 -0.975088 0.000000 -0.000010 
0.975088 0.221818 0.000000 -0.000128 
0.000000 0.000000 1.000000 0.000105 
0.000000 0.000000 0.000000 1.000000 

0.215481 -0.976508 0.000000 -0.000010 
0.976508 0.215481 0.000000 -0.000128 
0.000000 0.000000 1.000000 0.000105 
0.000000 0.000000 0.000000 1.000000 

0.209958 -0.977710 0.000000 -0.000010 
0.977710 0.209958 0.000000 -0.000128 
0.000000 0.000000 1.000000 0.000105 
0.000000 0.000000 0.000000 1.000000 

0.205489 -0.978659 0.000000 -0.000010 
0.978659 0.205489 0.000000 -0.000128 
0.000000 0.000000 1.000000 0.000105 
0.000000 0.000000 0.000000 1.000000 

0.202359 -0.979311 0.000000 -0.000010 
0.979311 0.202359 0.000000 -0.000128 
0.000000 0.000000 1.000000 0.000105 
0.000000 0.000000 0.000000 1.000000 

0.200839 -0.979624 0.000000 -0.000010 
0.979624 0.200839 0.000000 -0.000128 
0.000000 0.000000 1.000000 0.000105 
0.000000 0.000000 0.000000 1.000000 

0.203680 -0.979038 0.000000 -0.000010 
0.979038 0.203680 0.000000 -0.000128 
0.000000 0.000000 1.000000 0.000105 
0.000000 0.000000 0.000000 1.000000 

0.208561 -0.978009 0.000000 -0.000010 
0.978009 0.208561 0.000000 -0.000128 
0.000000 0.000000 1.000000 0.000105 
0.000000 0.000000 0.000000 1.000000 

0.216113 -0.976368 0.000000 -0.000010 
0.976368 0.216113 0.000000 -0.000128 
0.000000 0.000000 1.000000 0.000105 
0.000000 0.000000 0.000000 1.000000 

0.226578 -0.973993 0.000000 -0.000010 
0.973993 0.226578 0.000000 -0.000128 
0.000000 0.000000 1.000000 0.000105 
0.000000 0.000000 0.000000 1.000000 

0.238068 -0.971248 0.000000 -0.000010 
0.971248 0.238068 0.000000 -0.000128 
0.000000 0.000000 1.000000 0.000105 
0.000000 0.000000 0.000000 1.000000 

0.248493 -0.968634 0.000000 -0.000010 
0.968634 0.248493 0.000000 -0.000128 
0.000000 0.000000 1.000000 0.000105 
0.000000 0.000000 0.000000 1.000000 

0.257645 -0.966240 0.000000 -0.000010 
0.966240 0.257645 0.000000 -0.000128 
0.000000 0.000000 1.000000 0.000105 
0.000000 0.000000 0.000000 1.000000 

0.265331 -0.964157 0.000000 -0.000010 
0.964157 0.265331 0.000000 -0.000128 
0.000000 0.000000 1.000000 0.000105 
0.000000 0.000000 0.000000 1.000000</float_array>
        <technique_common>
          <accessor count="22" source="#_7d433974a8c34470d944c2298268bf63_wbird_11444_3-output-array" stride="16">
            <param name="TRANSFORM" type="float4x4"/>
          </accessor>
        </technique_common>
      </source>
      <source id="_7d433974a8c34470d944c2298268bf63_wbird_11444_3-interpolation">
        <Name_array id="_7d433974a8c34470d944c2298268bf63_wbird_11444_3-interpolation-array" count="23">LINEAR LINEAR LINEAR LINEAR LINEAR LINEAR LINEAR LINEAR LINEAR LINEAR LINEAR LINEAR LINEAR LINEAR LINEAR LINEAR LINEAR LINEAR LINEAR LINEAR LINEAR LINEAR LINEAR </Name_array>
        <technique_common>
          <accessor count="23" source="#_7d433974a8c34470d944c2298268bf63_wbird_11444_3-interpolation-array">
            <param name="INTERPOLATION" type="name"/>
          </accessor>
        </technique_common>
      </source>
      <sampler id="_7d433974a8c34470d944c2298268bf63_wbird_11444_3-sampler">
        <input semantic="INPUT" source="#_7d433974a8c34470d944c2298268bf63_wbird_11444_3-input"/>
        <input semantic="OUTPUT" source="#_7d433974a8c34470d944c2298268bf63_wbird_11444_3-output"/>
        <input semantic="INTERPOLATION" source="#_7d433974a8c34470d944c2298268bf63_wbird_11444_3-interpolation"/>
      </sampler>
      <channel source="#_7d433974a8c34470d944c2298268bf63_wbird_11444_3-sampler" target="_11530/matrix"/>
    </animation>
    <animation id="_7d433974a8c34470d944c2298268bf63_wbird_11444_4">
      <source id="_7d433974a8c34470d944c2298268bf63_wbird_11444_4-input">
        <float_array id="_7d433974a8c34470d944c2298268bf63_wbird_11444_4-input-array" count="23">0.000000 0.041600 0.083300 0.125000 0.166600 0.208300 0.250000 0.291600 0.333300 0.375000 0.416600 0.458300 0.500000 0.541600 0.583300 0.625000 0.666600 0.708300 0.750000 0.791600 0.833300 0.875000 0.916600</float_array>
        <technique_common>
          <accessor count="23" source="#_7d433974a8c34470d944c2298268bf63_wbird_11444_4-input-array">
            <param name="TIME" type="float"/>
          </accessor>
        </technique_common>
      </source>
      <source id="_7d433974a8c34470d944c2298268bf63_wbird_11444_4-output">
        <float_array id="_7d433974a8c34470d944c2298268bf63_wbird_11444_4-output-array" count="368">

-0.883216 0.456082 -0.109170 0.000062 
0.456901 0.784392 -0.419487 -0.000145 
-0.105688 -0.420378 -0.901173 0.000011 
0.000000 0.000000 0.000000 1.000000 

-0.879594 0.463187 -0.108493 0.000062 
0.462894 0.780711 -0.419784 -0.000145 
-0.109737 -0.419461 -0.901116 0.000011 
0.000000 0.000000 0.000000 1.000000 

-0.874184 0.473435 -0.107991 0.000062 
0.471750 0.775268 -0.420014 -0.000145 
-0.115128 -0.418114 -0.901069 0.000011 
0.000000 0.000000 0.000000 1.000000 

-0.867247 0.486101 -0.107648 0.000062 
0.482814 0.768334 -0.420182 -0.000145 
-0.121541 -0.416376 -0.901032 0.000011 
0.000000 0.000000 0.000000 1.000000 

-0.859076 0.500443 -0.107447 0.000062 
0.495415 0.760208 -0.420294 -0.000145 
-0.128651 -0.414295 -0.901004 0.000011 
0.000000 0.000000 0.000000 1.000000 

-0.849933 0.515835 -0.107366 0.000062 
0.508986 0.751156 -0.420354 -0.000145 
-0.136184 -0.411921 -0.900985 0.000011 
0.000000 0.000000 0.000000 1.000000 

-0.840181 0.531567 -0.107388 0.000062 
0.522887 0.741539 -0.420366 -0.000145 
-0.143820 -0.409336 -0.900977 0.000011 
0.000000 0.000000 0.000000 1.000000 

-0.830234 0.546952 -0.107494 0.000062 
0.536504 0.731765 -0.420336 -0.000145 
-0.151244 -0.406649 -0.900978 0.000011 
0.000000 0.000000 0.000000 1.000000 

-0.820482 0.561443 -0.107663 0.000062 
0.549346 0.722213 -0.420269 -0.000145 
-0.158202 -0.403968 -0.900989 0.000011 
0.000000 0.000000 0.000000 1.000000 

-0.811428 0.574410 -0.107878 0.000062 
0.560855 0.713370 -0.420172 -0.000145 
-0.164394 -0.401443 -0.901009 0.000011 
0.000000 0.000000 0.000000 1.000000 

-0.803601 0.585266 -0.108119 0.000062 
0.570511 0.705744 -0.420051 -0.000145 
-0.169537 -0.399237 -0.901036 0.000011 
0.000000 0.000000 0.000000 1.000000 

-0.797492 0.593517 -0.108371 0.000062 
0.577878 0.699805 -0.419916 -0.000145 
-0.173389 -0.397505 -0.901069 0.000011 
0.000000 0.000000 0.000000 1.000000 

-0.793652 0.598596 -0.108615 0.000062 
0.582456 0.696085 -0.419775 -0.000145 
-0.175670 -0.396419 -0.901105 0.000011 
0.000000 0.000000 0.000000 1.000000 

-0.792596 0.599955 -0.108835 0.000062 
0.583759 0.695075 -0.419638 -0.000145 
-0.176115 -0.396138 -0.901142 0.000011 
0.000000 0.000000 0.000000 1.000000 

-0.794786 0.597018 -0.109016 0.000062 
0.581276 0.697227 -0.419515 -0.000145 
-0.174449 -0.396793 -0.901178 0.000011 
0.000000 0.000000 0.000000 1.000000 

-0.800628 0.589137 -0.109139 0.000062 
0.574427 0.702939 -0.419416 -0.000145 
-0.170375 -0.398489 -0.901210 0.000011 
0.000000 0.000000 0.000000 1.000000 

-0.810384 0.575635 -0.109189 0.000062 
0.562596 0.712483 -0.419348 -0.000145 
-0.163596 -0.401262 -0.901235 0.000011 
0.000000 0.000000 0.000000 1.000000 

-0.822775 0.557779 -0.109196 0.000062 
0.546894 0.724631 -0.419304 -0.000145 
-0.154752 -0.404712 -0.901254 0.000011 
0.000000 0.000000 0.000000 1.000000 

-0.835752 0.538138 -0.109201 0.000062 
0.529587 0.737392 -0.419274 -0.000145 
-0.145104 -0.408241 -0.901268 0.000011 
0.000000 0.000000 0.000000 1.000000 

-0.848491 0.517819 -0.109203 0.000062 
0.511646 0.749959 -0.419261 -0.000145 
-0.135204 -0.411613 -0.901274 0.000011 
0.000000 0.000000 0.000000 1.000000 

-0.860359 0.497852 -0.109203 0.000062 
0.493982 0.761705 -0.419269 -0.000145 
-0.125554 -0.414666 -0.901270 0.000011 
0.000000 0.000000 0.000000 1.000000 

-0.870734 0.479476 -0.109198 0.000062 
0.477695 0.772006 -0.419302 -0.000145 
-0.116744 -0.417265 -0.901255 0.000011 
0.000000 0.000000 0.000000 1.000000 

-0.879100 0.463961 -0.109190 0.000062 
0.463919 0.780329 -0.419364 -0.000145 
-0.109364 -0.419318 -0.901228 0.000011 
0.000000 0.000000 0.000000 1.000000</float_array>
        <technique_common>
          <accessor count="23" source="#_7d433974a8c34470d944c2298268bf63_wbird_11444_4-output-array" stride="16">
            <param name="TRANSFORM" type="float4x4"/>
          </accessor>
        </technique_common>
      </source>
      <source id="_7d433974a8c34470d944c2298268bf63_wbird_11444_4-interpolation">
        <Name_array id="_7d433974a8c34470d944c2298268bf63_wbird_11444_4-interpolation-array" count="23">LINEAR LINEAR LINEAR LINEAR LINEAR LINEAR LINEAR LINEAR LINEAR LINEAR LINEAR LINEAR LINEAR LINEAR LINEAR LINEAR LINEAR LINEAR LINEAR LINEAR LINEAR LINEAR LINEAR </Name_array>
        <technique_common>
          <accessor count="23" source="#_7d433974a8c34470d944c2298268bf63_wbird_11444_4-interpolation-array">
            <param name="INTERPOLATION" type="name"/>
          </accessor>
        </technique_common>
      </source>
      <sampler id="_7d433974a8c34470d944c2298268bf63_wbird_11444_4-sampler">
        <input semantic="INPUT" source="#_7d433974a8c34470d944c2298268bf63_wbird_11444_4-input"/>
        <input semantic="OUTPUT" source="#_7d433974a8c34470d944c2298268bf63_wbird_11444_4-output"/>
        <input semantic="INTERPOLATION" source="#_7d433974a8c34470d944c2298268bf63_wbird_11444_4-interpolation"/>
      </sampler>
      <channel source="#_7d433974a8c34470d944c2298268bf63_wbird_11444_4-sampler" target="_11542/matrix"/>
    </animation>
    <animation id="_7d433974a8c34470d944c2298268bf63_wbird_11444_5">
      <source id="_7d433974a8c34470d944c2298268bf63_wbird_11444_5-input">
        <float_array id="_7d433974a8c34470d944c2298268bf63_wbird_11444_5-input-array" count="2">0.000000 0.916600</float_array>
        <technique_common>
          <accessor count="2" source="#_7d433974a8c34470d944c2298268bf63_wbird_11444_5-input-array">
            <param name="TIME" type="float"/>
          </accessor>
        </technique_common>
      </source>
      <source id="_7d433974a8c34470d944c2298268bf63_wbird_11444_5-output">
        <float_array id="_7d433974a8c34470d944c2298268bf63_wbird_11444_5-output-array" count="32">

0.988950 0.000000 -0.148254 0.000101 
0.000000 1.000001 0.000000 -0.000108 
0.148254 0.000000 0.988949 0.000000 
0.000000 0.000000 0.000000 1.000000 

0.988950 0.000000 -0.148254 0.000101 
0.000000 1.000001 0.000000 -0.000108 
0.148254 0.000000 0.988949 0.000000 
0.000000 0.000000 0.000000 1.000000</float_array>
        <technique_common>
          <accessor count="2" source="#_7d433974a8c34470d944c2298268bf63_wbird_11444_5-output-array" stride="16">
            <param name="TRANSFORM" type="float4x4"/>
          </accessor>
        </technique_common>
      </source>
      <source id="_7d433974a8c34470d944c2298268bf63_wbird_11444_5-interpolation">
        <Name_array id="_7d433974a8c34470d944c2298268bf63_wbird_11444_5-interpolation-array" count="23">LINEAR LINEAR LINEAR LINEAR LINEAR LINEAR LINEAR LINEAR LINEAR LINEAR LINEAR LINEAR LINEAR LINEAR LINEAR LINEAR LINEAR LINEAR LINEAR LINEAR LINEAR LINEAR LINEAR </Name_array>
        <technique_common>
          <accessor count="23" source="#_7d433974a8c34470d944c2298268bf63_wbird_11444_5-interpolation-array">
            <param name="INTERPOLATION" type="name"/>
          </accessor>
        </technique_common>
      </source>
      <sampler id="_7d433974a8c34470d944c2298268bf63_wbird_11444_5-sampler">
        <input semantic="INPUT" source="#_7d433974a8c34470d944c2298268bf63_wbird_11444_5-input"/>
        <input semantic="OUTPUT" source="#_7d433974a8c34470d944c2298268bf63_wbird_11444_5-output"/>
        <input semantic="INTERPOLATION" source="#_7d433974a8c34470d944c2298268bf63_wbird_11444_5-interpolation"/>
      </sampler>
      <channel source="#_7d433974a8c34470d944c2298268bf63_wbird_11444_5-sampler" target="_11554/matrix"/>
    </animation>
    <animation id="_7d433974a8c34470d944c2298268bf63_wbird_11444_6">
      <source id="_7d433974a8c34470d944c2298268bf63_wbird_11444_6-input">
        <float_array id="_7d433974a8c34470d944c2298268bf63_wbird_11444_6-input-array" count="23">0.000000 0.041600 0.083300 0.125000 0.166600 0.208300 0.250000 0.291600 0.333300 0.375000 0.416600 0.458300 0.500000 0.541600 0.583300 0.625000 0.666600 0.708300 0.750000 0.791600 0.833300 0.875000 0.916600</float_array>
        <technique_common>
          <accessor count="23" source="#_7d433974a8c34470d944c2298268bf63_wbird_11444_6-input-array">
            <param name="TIME" type="float"/>
          </accessor>
        </technique_common>
      </source>
      <source id="_7d433974a8c34470d944c2298268bf63_wbird_11444_6-output">
        <float_array id="_7d433974a8c34470d944c2298268bf63_wbird_11444_6-output-array" count="368">

-0.226674 0.973969 0.000000 0.000088 
0.973970 0.226674 0.000000 -0.000002 
0.000000 0.000000 -1.000000 0.000000 
0.000000 0.000000 0.000000 1.000000 

-0.226674 0.973969 0.000000 0.000088 
0.973970 0.226674 0.000000 -0.000002 
0.000000 0.000000 -1.000000 0.000000 
0.000000 0.000000 0.000000 1.000000 

-0.226674 0.973969 0.000000 0.000088 
0.973970 0.226674 0.000000 -0.000002 
0.000000 0.000000 -1.000000 0.000000 
0.000000 0.000000 0.000000 1.000000 

-0.226674 0.973969 0.000000 0.000088 
0.973970 0.226674 0.000000 -0.000002 
0.000000 0.000000 -1.000000 0.000000 
0.000000 0.000000 0.000000 1.000000 

-0.226674 0.973969 0.000000 0.000088 
0.973970 0.226674 0.000000 -0.000002 
0.000000 0.000000 -1.000000 0.000000 
0.000000 0.000000 0.000000 1.000000 

-0.226674 0.973969 0.000000 0.000088 
0.973970 0.226674 0.000000 -0.000002 
0.000000 0.000000 -1.000000 0.000000 
0.000000 0.000000 0.000000 1.000000 

-0.226674 0.973969 0.000000 0.000088 
0.973970 0.226674 0.000000 -0.000002 
0.000000 0.000000 -1.000000 0.000000 
0.000000 0.000000 0.000000 1.000000 

-0.226674 0.973969 0.000000 0.000088 
0.973970 0.226674 0.000000 -0.000002 
0.000000 0.000000 -1.000000 0.000000 
0.000000 0.000000 0.000000 1.000000 

-0.226674 0.973969 0.000000 0.000088 
0.973970 0.226674 0.000000 -0.000002 
0.000000 0.000000 -1.000000 0.000000 
0.000000 0.000000 0.000000 1.000000 

-0.226674 0.973969 0.000000 0.000088 
0.973970 0.226674 0.000000 -0.000002 
0.000000 0.000000 -1.000000 0.000000 
0.000000 0.000000 0.000000 1.000000 

-0.226674 0.973969 0.000000 0.000088 
0.973970 0.226674 0.000000 -0.000002 
0.000000 0.000000 -1.000000 0.000000 
0.000000 0.000000 0.000000 1.000000 

-0.226674 0.973969 0.000000 0.000088 
0.973970 0.226674 0.000000 -0.000002 
0.000000 0.000000 -1.000000 0.000000 
0.000000 0.000000 0.000000 1.000000 

-0.226674 0.973969 0.000000 0.000088 
0.973970 0.226674 0.000000 -0.000002 
0.000000 0.000000 -1.000000 0.000000 
0.000000 0.000000 0.000000 1.000000 

-0.226674 0.973969 0.000000 0.000088 
0.973970 0.226674 0.000000 -0.000002 
0.000000 0.000000 -1.000000 0.000000 
0.000000 0.000000 0.000000 1.000000 

-0.226674 0.973969 0.000000 0.000088 
0.973970 0.226674 0.000000 -0.000002 
0.000000 0.000000 -1.000000 0.000000 
0.000000 0.000000 0.000000 1.000000 

-0.226674 0.973969 0.000000 0.000088 
0.973970 0.226674 0.000000 -0.000002 
0.000000 0.000000 -1.000000 0.000000 
0.000000 0.000000 0.000000 1.000000 

-0.226674 0.973969 0.000000 0.000088 
0.973970 0.226674 0.000000 -0.000002 
0.000000 0.000000 -1.000000 0.000000 
0.000000 0.000000 0.000000 1.000000 

-0.226674 0.973969 0.000000 0.000088 
0.973970 0.226674 0.000000 -0.000002 
0.000000 0.000000 -1.000000 0.000000 
0.000000 0.000000 0.000000 1.000000 

-0.226674 0.973969 0.000000 0.000088 
0.973970 0.226674 0.000000 -0.000002 
0.000000 0.000000 -1.000000 0.000000 
0.000000 0.000000 0.000000 1.000000 

-0.226674 0.973969 0.000000 0.000088 
0.973970 0.226674 0.000000 -0.000002 
0.000000 0.000000 -1.000000 0.000000 
0.000000 0.000000 0.000000 1.000000 

-0.226674 0.973969 0.000000 0.000088 
0.973970 0.226674 0.000000 -0.000002 
0.000000 0.000000 -1.000000 0.000000 
0.000000 0.000000 0.000000 1.000000 

-0.226674 0.973969 0.000000 0.000088 
0.973970 0.226674 0.000000 -0.000002 
0.000000 0.000000 -1.000000 0.000000 
0.000000 0.000000 0.000000 1.000000 

-0.226674 0.973969 0.000000 0.000088 
0.973970 0.226674 0.000000 -0.000002 
0.000000 0.000000 -1.000000 0.000000 
0.000000 0.000000 0.000000 1.000000</float_array>
        <technique_common>
          <accessor count="23" source="#_7d433974a8c34470d944c2298268bf63_wbird_11444_6-output-array" stride="16">
            <param name="TRANSFORM" type="float4x4"/>
          </accessor>
        </technique_common>
      </source>
      <source id="_7d433974a8c34470d944c2298268bf63_wbird_11444_6-interpolation">
        <Name_array id="_7d433974a8c34470d944c2298268bf63_wbird_11444_6-interpolation-array" count="23">LINEAR LINEAR LINEAR LINEAR LINEAR LINEAR LINEAR LINEAR LINEAR LINEAR LINEAR LINEAR LINEAR LINEAR LINEAR LINEAR LINEAR LINEAR LINEAR LINEAR LINEAR LINEAR LINEAR </Name_array>
        <technique_common>
          <accessor count="23" source="#_7d433974a8c34470d944c2298268bf63_wbird_11444_6-interpolation-array">
            <param name="INTERPOLATION" type="name"/>
          </accessor>
        </technique_common>
      </source>
      <sampler id="_7d433974a8c34470d944c2298268bf63_wbird_11444_6-sampler">
        <input semantic="INPUT" source="#_7d433974a8c34470d944c2298268bf63_wbird_11444_6-input"/>
        <input semantic="OUTPUT" source="#_7d433974a8c34470d944c2298268bf63_wbird_11444_6-output"/>
        <input semantic="INTERPOLATION" source="#_7d433974a8c34470d944c2298268bf63_wbird_11444_6-interpolation"/>
      </sampler>
      <channel source="#_7d433974a8c34470d944c2298268bf63_wbird_11444_6-sampler" target="_11568/matrix"/>
    </animation>
    <animation id="_7d433974a8c34470d944c2298268bf63_wbird_11444_7">
      <source id="_7d433974a8c34470d944c2298268bf63_wbird_11444_7-input">
        <float_array id="_7d433974a8c34470d944c2298268bf63_wbird_11444_7-input-array" count="23">0.000000 0.041600 0.083300 0.125000 0.166600 0.208300 0.250000 0.291600 0.333300 0.375000 0.416600 0.458300 0.500000 0.541600 0.583300 0.625000 0.666600 0.708300 0.750000 0.791600 0.833300 0.875000 0.916600</float_array>
        <technique_common>
          <accessor count="23" source="#_7d433974a8c34470d944c2298268bf63_wbird_11444_7-input-array">
            <param name="TIME" type="float"/>
          </accessor>
        </technique_common>
      </source>
      <source id="_7d433974a8c34470d944c2298268bf63_wbird_11444_7-output">
        <float_array id="_7d433974a8c34470d944c2298268bf63_wbird_11444_7-output-array" count="368">

-0.701738 -0.340003 0.626068 -0.000096 
0.701174 -0.485226 0.522408 -0.000004 
0.126164 0.805577 0.578903 0.000000 
0.000000 0.000000 0.000000 1.000000 

-0.701738 -0.340003 0.626068 -0.000096 
0.701174 -0.485226 0.522408 -0.000004 
0.126164 0.805577 0.578903 0.000000 
0.000000 0.000000 0.000000 1.000000 

-0.701738 -0.340003 0.626068 -0.000096 
0.701174 -0.485226 0.522408 -0.000004 
0.126164 0.805577 0.578903 0.000000 
0.000000 0.000000 0.000000 1.000000 

-0.701738 -0.340003 0.626068 -0.000096 
0.701174 -0.485226 0.522408 -0.000004 
0.126164 0.805577 0.578903 0.000000 
0.000000 0.000000 0.000000 1.000000 

-0.701738 -0.340003 0.626068 -0.000096 
0.701174 -0.485226 0.522408 -0.000004 
0.126164 0.805577 0.578903 0.000000 
0.000000 0.000000 0.000000 1.000000 

-0.701738 -0.340003 0.626068 -0.000096 
0.701174 -0.485226 0.522408 -0.000004 
0.126164 0.805577 0.578903 0.000000 
0.000000 0.000000 0.000000 1.000000 

-0.701738 -0.340003 0.626068 -0.000096 
0.701174 -0.485226 0.522408 -0.000004 
0.126164 0.805577 0.578903 0.000000 
0.000000 0.000000 0.000000 1.000000 

-0.701738 -0.340003 0.626068 -0.000096 
0.701174 -0.485226 0.522408 -0.000004 
0.126164 0.805577 0.578903 0.000000 
0.000000 0.000000 0.000000 1.000000 

-0.701738 -0.340003 0.626068 -0.000096 
0.701174 -0.485226 0.522408 -0.000004 
0.126164 0.805577 0.578903 0.000000 
0.000000 0.000000 0.000000 1.000000 

-0.701738 -0.340003 0.626068 -0.000096 
0.701174 -0.485226 0.522408 -0.000004 
0.126164 0.805577 0.578903 0.000000 
0.000000 0.000000 0.000000 1.000000 

-0.701738 -0.340003 0.626068 -0.000096 
0.701174 -0.485226 0.522408 -0.000004 
0.126164 0.805577 0.578903 0.000000 
0.000000 0.000000 0.000000 1.000000 

-0.701738 -0.340003 0.626068 -0.000096 
0.701174 -0.485226 0.522408 -0.000004 
0.126164 0.805577 0.578903 0.000000 
0.000000 0.000000 0.000000 1.000000 

-0.701738 -0.340003 0.626068 -0.000096 
0.701174 -0.485226 0.522408 -0.000004 
0.126164 0.805577 0.578903 0.000000 
0.000000 0.000000 0.000000 1.000000 

-0.701738 -0.340003 0.626068 -0.000096 
0.701174 -0.485226 0.522408 -0.000004 
0.126164 0.805577 0.578903 0.000000 
0.000000 0.000000 0.000000 1.000000 

-0.701738 -0.340003 0.626068 -0.000096 
0.701174 -0.485226 0.522408 -0.000004 
0.126164 0.805577 0.578903 0.000000 
0.000000 0.000000 0.000000 1.000000 

-0.701738 -0.340003 0.626068 -0.000096 
0.701174 -0.485226 0.522408 -0.000004 
0.126164 0.805577 0.578903 0.000000 
0.000000 0.000000 0.000000 1.000000 

-0.701738 -0.340003 0.626068 -0.000096 
0.701174 -0.485226 0.522408 -0.000004 
0.126164 0.805577 0.578903 0.000000 
0.000000 0.000000 0.000000 1.000000 

-0.701738 -0.340003 0.626068 -0.000096 
0.701174 -0.485226 0.522408 -0.000004 
0.126164 0.805577 0.578903 0.000000 
0.000000 0.000000 0.000000 1.000000 

-0.701738 -0.340003 0.626068 -0.000096 
0.701174 -0.485226 0.522408 -0.000004 
0.126164 0.805577 0.578903 0.000000 
0.000000 0.000000 0.000000 1.000000 

-0.701738 -0.340003 0.626068 -0.000096 
0.701174 -0.485226 0.522408 -0.000004 
0.126164 0.805577 0.578903 0.000000 
0.000000 0.000000 0.000000 1.000000 

-0.701738 -0.340003 0.626068 -0.000096 
0.701174 -0.485226 0.522408 -0.000004 
0.126164 0.805577 0.578903 0.000000 
0.000000 0.000000 0.000000 1.000000 

-0.701738 -0.340003 0.626068 -0.000096 
0.701174 -0.485226 0.522408 -0.000004 
0.126164 0.805577 0.578903 0.000000 
0.000000 0.000000 0.000000 1.000000 

-0.701738 -0.340003 0.626068 -0.000096 
0.701174 -0.485226 0.522408 -0.000004 
0.126164 0.805577 0.578903 0.000000 
0.000000 0.000000 0.000000 1.000000</float_array>
        <technique_common>
          <accessor count="23" source="#_7d433974a8c34470d944c2298268bf63_wbird_11444_7-output-array" stride="16">
            <param name="TRANSFORM" type="float4x4"/>
          </accessor>
        </technique_common>
      </source>
      <source id="_7d433974a8c34470d944c2298268bf63_wbird_11444_7-interpolation">
        <Name_array id="_7d433974a8c34470d944c2298268bf63_wbird_11444_7-interpolation-array" count="23">LINEAR LINEAR LINEAR LINEAR LINEAR LINEAR LINEAR LINEAR LINEAR LINEAR LINEAR LINEAR LINEAR LINEAR LINEAR LINEAR LINEAR LINEAR LINEAR LINEAR LINEAR LINEAR LINEAR </Name_array>
        <technique_common>
          <accessor count="23" source="#_7d433974a8c34470d944c2298268bf63_wbird_11444_7-interpolation-array">
            <param name="INTERPOLATION" type="name"/>
          </accessor>
        </technique_common>
      </source>
      <sampler id="_7d433974a8c34470d944c2298268bf63_wbird_11444_7-sampler">
        <input semantic="INPUT" source="#_7d433974a8c34470d944c2298268bf63_wbird_11444_7-input"/>
        <input semantic="OUTPUT" source="#_7d433974a8c34470d944c2298268bf63_wbird_11444_7-output"/>
        <input semantic="INTERPOLATION" source="#_7d433974a8c34470d944c2298268bf63_wbird_11444_7-interpolation"/>
      </sampler>
